46 1
57 1
86 1
107 1
173 1
316 1
115 1
209 1
270 1
54 1
137 1
236 1
241 1
78 1
205 1
74 1
8 1
362 1
138 1
328 1
104 1
168 1
185 1
193 1
142 1
162 1
187 1
22 1
40 1
116 2
238 2
251 2
17 2
118 2
132 2
140 2
230 2
53 2
171 2
327 2
355 2
99 2
285 2
13 2
283 2
284 2
354 2
114 2
158 2
315 2
379 2
194 2
9 2
136 2
63 2
85 2
357 2
313 2
188 2
239 3
19 3
179 3
220 3
232 3
80 3
319 3
353 3
3 3
361 3
105 3
135 3
176 3
229 3
117 3
235 3
2 3
314 3
309 3
246 4
310 4
312 4
56 4
95 4
290 4
333 4
358 4
161 4
147 4
208 4
359 4
269 4
381 4
44 4
34 5
218 5
318 5
344 5
165 5
341 5
306 5
58 5
119 5
76 5
92 5
212 5
141 5
133 5
150 5
43 5
383 5
37 6
102 6
42 6
196 6
201 6
163 6
189 6
174 6
352 6
211 6
207 6
195 6
112 6
382 6
368 7
369 7
377 7
365 7
366 7
378 7
364 7
367 7
376 7
380 7
373 8
55 8
224 8
297 8
214 8
184 8
281 8
100 8
157 8
360 8
322 8
186 8
277 8
38 9
299 9
325 9
144 9
11 9
64 9
191 9
181 9
156 9
347 10
47 10
97 10
159 10
45 10
276 10
226 10
244 10
151 10
62 10
348 11
127 11
154 11
146 11
243 11
192 11
175 11
265 11
375 12
148 12
129 12
363 12
155 12
167 12
14 12
21 12
253 12
237 12
106 13
339 13
27 13
124 13
219 13
66 13
256 13
331 13
274 13
32 13
111 13
6 13
130 14
139 14
350 14
49 14
96 14
267 14
16 14
289 14
170 14
67 14
250 15
234 15
152 15
261 15
329 15
77 15
326 15
183 15
385 15
109 15
91 15
305 15
121 16
149 16
50 16
254 16
262 16
61 16
215 16
65 16
216 17
41 17
122 17
252 17
23 17
166 17
345 17
108 17
59 17
94 17
7 17
287 17
204 17
342 17
70 18
263 18
286 18
33 18
87 18
75 18
12 18
182 18
222 18
113 18
248 19
320 19
346 19
308 19
160 19
29 19
71 19
223 19
131 19
259 19
294 20
28 20
52 20
279 20
302 20
264 20
273 20
177 20
172 20
18 20
1 20
296 21
84 21
68 21
227 21
349 21
98 21
60 21
338 21
300 22
228 22
35 22
203 22
202 22
15 22
79 23
82 23
258 23
292 23
343 23
24 23
268 23
288 23
164 23
307 23
134 23
233 24
295 24
4 24
169 24
25 24
213 24
280 24
245 25
90 25
101 25
125 25
231 25
324 25
10 25
110 25
370 26
128 26
298 26
210 26
51 26
197 26
5 26
200 26
332 26
335 26
351 27
221 27
242 27
255 27
282 27
257 27
93 27
311 28
30 28
178 28
206 28
249 28
317 28
103 28
247 29
36 29
330 29
260 29
356 29
69 29
301 30
126 30
266 30
340 30
271 30
334 31
337 31
48 31
145 31
199 31
72 32
81 32
180 32
336 32
123 32
321 32
153 32
225 33
89 33
190 33
323 33
372 34
374 34
371 34
384 34
20 35
143 35
278 35
293 35
272 35
26 36
83 36
120 36
73 36
198 36
39 37
240 37
275 37
31 37
291 38
88 38
217 39
303 39
304 40
